%eval_id interface            Dw1            Kh1         obj_fn 
1            NO_ID             80           0.01         0.0296 
2            NO_ID             83           0.02         0.0335 
3            NO_ID             86           0.03         0.0379 
4            NO_ID             89           0.04         0.0427 
5            NO_ID             92           0.05         0.0479 
6            NO_ID             95           0.06         0.0536 
7            NO_ID             98           0.07         0.0599 
8            NO_ID            101           0.08         0.0667 
9            NO_ID            104           0.09         0.0741 
10           NO_ID            107            0.1         0.0821 
11           NO_ID            110           0.11         0.0908 
